##벡터 산술연산

d<-c(1,4,3,7,8)